   0.0000000000000000        2500.0000000000000     
   9.9999997473787516E-005                       NaN
   1.9999999494757503E-004                       NaN
   2.9999999242136255E-004                       NaN
   3.9999998989515007E-004                       NaN
   4.9999998736893758E-004                       NaN
   5.9999998484272510E-004                       NaN
   6.9999998231651261E-004                       NaN
   7.9999997979030013E-004                       NaN
   8.9999997726408765E-004                       NaN
   9.9999997473787516E-004                       NaN
   1.0999999722116627E-003                       NaN
   1.1999999696854502E-003                       NaN
   1.2999999671592377E-003                       NaN
   1.3999999646330252E-003                       NaN
   1.4999999621068127E-003                       NaN
   1.5999999595806003E-003                       NaN
   1.6999999570543878E-003                       NaN
   1.7999999545281753E-003                       NaN
   1.8999999520019628E-003                       NaN
   1.9999999494757503E-003                       NaN
   2.0999999469495378E-003                       NaN
   2.1999999444233254E-003                       NaN
   2.2999999418971129E-003                       NaN
   2.3999999393709004E-003                       NaN
   2.4999999368446879E-003                       NaN
   2.5999999343184754E-003                       NaN
   2.6999999317922629E-003                       NaN
   2.7999999292660505E-003                       NaN
   2.8999999267398380E-003                       NaN
   2.9999999242136255E-003                       NaN
   3.0999999216874130E-003                       NaN
   3.1999999191612005E-003                       NaN
   3.2999999166349880E-003                       NaN
   3.3999999141087756E-003                       NaN
   3.4999999115825631E-003                       NaN
   3.5999999090563506E-003                       NaN
   3.6999999065301381E-003                       NaN
   3.7999999040039256E-003                       NaN
   3.8999999014777131E-003                       NaN
   3.9999998989515007E-003                       NaN
   4.0999998964252882E-003                       NaN
   4.1999998938990757E-003                       NaN
   4.2999998913728632E-003                       NaN
   4.3999998888466507E-003                       NaN
   4.4999998863204382E-003                       NaN
   4.5999998837942258E-003                       NaN
   4.6999998812680133E-003                       NaN
   4.7999998787418008E-003                       NaN
   4.8999998762155883E-003                       NaN
   4.9999998736893758E-003                       NaN
   5.0999998711631633E-003                       NaN
   5.1999998686369509E-003                       NaN
   5.2999998661107384E-003                       NaN
   5.3999998635845259E-003                       NaN
   5.4999998610583134E-003                       NaN
   5.5999998585321009E-003                       NaN
   5.6999998560058884E-003                       NaN
   5.7999998534796759E-003                       NaN
   5.8999998509534635E-003                       NaN
   5.9999998484272510E-003                       NaN
   6.0999998459010385E-003                       NaN
   6.1999998433748260E-003                       NaN
   6.2999998408486135E-003                       NaN
   6.3999998383224010E-003                       NaN
   6.4999998357961886E-003                       NaN
   6.5999998332699761E-003                       NaN
   6.6999998307437636E-003                       NaN
   6.7999998282175511E-003                       NaN
   6.8999998256913386E-003                       NaN
   6.9999998231651261E-003                       NaN
   7.0999998206389137E-003                       NaN
   7.1999998181127012E-003                       NaN
   7.2999998155864887E-003                       NaN
   7.3999998130602762E-003                       NaN
   7.4999998105340637E-003                       NaN
   7.5999998080078512E-003                       NaN
   7.6999998054816388E-003                       NaN
   7.7999998029554263E-003                       NaN
   7.8999998004292138E-003                       NaN
   7.9999997979030013E-003                       NaN
   8.0999997953767888E-003                       NaN
   8.1999997928505763E-003                       NaN
   8.2999997903243639E-003                       NaN
   8.3999997877981514E-003                       NaN
   8.4999997852719389E-003                       NaN
   8.5999997827457264E-003                       NaN
   8.6999997802195139E-003                       NaN
   8.7999997776933014E-003                       NaN
   8.8999997751670890E-003                       NaN
   8.9999997726408765E-003                       NaN
   9.0999997701146640E-003                       NaN
   9.1999997675884515E-003                       NaN
   9.2999997650622390E-003                       NaN
   9.3999997625360265E-003                       NaN
   9.4999997600098141E-003                       NaN
   9.5999997574836016E-003                       NaN
   9.6999997549573891E-003                       NaN
   9.7999997524311766E-003                       NaN
   9.8999997499049641E-003                       NaN
   9.9999997473787516E-003                       NaN
   1.0099999744852539E-002                       NaN
   1.0199999742326327E-002                       NaN
   1.0299999739800114E-002                       NaN
   1.0399999737273902E-002                       NaN
   1.0499999734747689E-002                       NaN
   1.0599999732221477E-002                       NaN
   1.0699999729695264E-002                       NaN
   1.0799999727169052E-002                       NaN
   1.0899999724642839E-002                       NaN
   1.0999999722116627E-002                       NaN
   1.1099999719590414E-002                       NaN
   1.1199999717064202E-002                       NaN
   1.1299999714537989E-002                       NaN
   1.1399999712011777E-002                       NaN
   1.1499999709485564E-002                       NaN
   1.1599999706959352E-002                       NaN
   1.1699999704433139E-002                       NaN
   1.1799999701906927E-002                       NaN
   1.1899999699380714E-002                       NaN
   1.1999999696854502E-002                       NaN
   1.2099999694328289E-002                       NaN
   1.2199999691802077E-002                       NaN
   1.2299999689275865E-002                       NaN
   1.2399999686749652E-002                       NaN
   1.2499999684223440E-002                       NaN
   1.2599999681697227E-002                       NaN
   1.2699999679171015E-002                       NaN
   1.2799999676644802E-002                       NaN
   1.2899999674118590E-002                       NaN
   1.2999999671592377E-002                       NaN
   1.3099999669066165E-002                       NaN
   1.3199999666539952E-002                       NaN
   1.3299999664013740E-002                       NaN
   1.3399999661487527E-002                       NaN
   1.3499999658961315E-002                       NaN
   1.3599999656435102E-002                       NaN
   1.3699999653908890E-002                       NaN
   1.3799999651382677E-002                       NaN
   1.3899999648856465E-002                       NaN
   1.3999999646330252E-002                       NaN
   1.4099999643804040E-002                       NaN
   1.4199999641277827E-002                       NaN
   1.4299999638751615E-002                       NaN
   1.4399999636225402E-002                       NaN
   1.4499999633699190E-002                       NaN
   1.4599999631172977E-002                       NaN
   1.4699999628646765E-002                       NaN
   1.4799999626120552E-002                       NaN
   1.4899999623594340E-002                       NaN
   1.4999999621068127E-002                       NaN
   1.5099999618541915E-002                       NaN
   1.5199999616015702E-002                       NaN
   1.5299999613489490E-002                       NaN
   1.5399999610963278E-002                       NaN
   1.5499999608437065E-002                       NaN
   1.5599999605910853E-002                       NaN
   1.5699999603384640E-002                       NaN
   1.5799999600858428E-002                       NaN
   1.5899999598332215E-002                       NaN
   1.5999999595806003E-002                       NaN
   1.6099999593279790E-002                       NaN
   1.6199999590753578E-002                       NaN
   1.6299999588227365E-002                       NaN
   1.6399999585701153E-002                       NaN
   1.6499999583174940E-002                       NaN
   1.6599999580648728E-002                       NaN
   1.6699999578122515E-002                       NaN
   1.6799999575596303E-002                       NaN
   1.6899999573070090E-002                       NaN
   1.6999999570543878E-002                       NaN
   1.7099999568017665E-002                       NaN
   1.7199999565491453E-002                       NaN
   1.7299999562965240E-002                       NaN
   1.7399999560439028E-002                       NaN
   1.7499999557912815E-002                       NaN
   1.7599999555386603E-002                       NaN
   1.7699999552860390E-002                       NaN
   1.7799999550334178E-002                       NaN
   1.7899999547807965E-002                       NaN
   1.7999999545281753E-002                       NaN
   1.8099999542755540E-002                       NaN
   1.8199999540229328E-002                       NaN
   1.8299999537703115E-002                       NaN
   1.8399999535176903E-002                       NaN
   1.8499999532650691E-002                       NaN
   1.8599999530124478E-002                       NaN
   1.8699999527598266E-002                       NaN
   1.8799999525072053E-002                       NaN
   1.8899999522545841E-002                       NaN
   1.8999999520019628E-002                       NaN
   1.9099999517493416E-002                       NaN
   1.9199999514967203E-002                       NaN
   1.9299999512440991E-002                       NaN
   1.9399999509914778E-002                       NaN
   1.9499999507388566E-002                       NaN
   1.9599999504862353E-002                       NaN
   1.9699999502336141E-002                       NaN
   1.9799999499809928E-002                       NaN
   1.9899999497283716E-002                       NaN
   1.9999999494757503E-002                       NaN
   2.0099999492231291E-002                       NaN
   2.0199999489705078E-002                       NaN
   2.0299999487178866E-002                       NaN
   2.0399999484652653E-002                       NaN
   2.0499999482126441E-002                       NaN
   2.0599999479600228E-002                       NaN
   2.0699999477074016E-002                       NaN
   2.0799999474547803E-002                       NaN
   2.0899999472021591E-002                       NaN
   2.0999999469495378E-002                       NaN
   2.1099999466969166E-002                       NaN
   2.1199999464442953E-002                       NaN
   2.1299999461916741E-002                       NaN
   2.1399999459390529E-002                       NaN
   2.1499999456864316E-002                       NaN
   2.1599999454338104E-002                       NaN
   2.1699999451811891E-002                       NaN
   2.1799999449285679E-002                       NaN
   2.1899999446759466E-002                       NaN
   2.1999999444233254E-002                       NaN
   2.2099999441707041E-002                       NaN
   2.2199999439180829E-002                       NaN
   2.2299999436654616E-002                       NaN
   2.2399999434128404E-002                       NaN
   2.2499999431602191E-002                       NaN
   2.2599999429075979E-002                       NaN
   2.2699999426549766E-002                       NaN
   2.2799999424023554E-002                       NaN
   2.2899999421497341E-002                       NaN
   2.2999999418971129E-002                       NaN
   2.3099999416444916E-002                       NaN
   2.3199999413918704E-002                       NaN
   2.3299999411392491E-002                       NaN
   2.3399999408866279E-002                       NaN
   2.3499999406340066E-002                       NaN
   2.3599999403813854E-002                       NaN
   2.3699999401287641E-002                       NaN
   2.3799999398761429E-002                       NaN
   2.3899999396235216E-002                       NaN
   2.3999999393709004E-002                       NaN
   2.4099999391182791E-002                       NaN
   2.4199999388656579E-002                       NaN
   2.4299999386130366E-002                       NaN
   2.4399999383604154E-002                       NaN
   2.4499999381077942E-002                       NaN
   2.4599999378551729E-002                       NaN
   2.4699999376025517E-002                       NaN
   2.4799999373499304E-002                       NaN
   2.4899999370973092E-002                       NaN
   2.4999999368446879E-002                       NaN
   2.5099999365920667E-002                       NaN
   2.5199999363394454E-002                       NaN
   2.5299999360868242E-002                       NaN
   2.5399999358342029E-002                       NaN
   2.5499999355815817E-002                       NaN
   2.5599999353289604E-002                       NaN
   2.5699999350763392E-002                       NaN
   2.5799999348237179E-002                       NaN
   2.5899999345710967E-002                       NaN
   2.5999999343184754E-002                       NaN
   2.6099999340658542E-002                       NaN
   2.6199999338132329E-002                       NaN
   2.6299999335606117E-002                       NaN
   2.6399999333079904E-002                       NaN
   2.6499999330553692E-002                       NaN
   2.6599999328027479E-002                       NaN
   2.6699999325501267E-002                       NaN
   2.6799999322975054E-002                       NaN
   2.6899999320448842E-002                       NaN
   2.6999999317922629E-002                       NaN
   2.7099999315396417E-002                       NaN
   2.7199999312870204E-002                       NaN
   2.7299999310343992E-002                       NaN
   2.7399999307817779E-002                       NaN
   2.7499999305291567E-002                       NaN
   2.7599999302765355E-002                       NaN
   2.7699999300239142E-002                       NaN
   2.7799999297712930E-002                       NaN
   2.7899999295186717E-002                       NaN
   2.7999999292660505E-002                       NaN
   2.8099999290134292E-002                       NaN
   2.8199999287608080E-002                       NaN
   2.8299999285081867E-002                       NaN
   2.8399999282555655E-002                       NaN
   2.8499999280029442E-002                       NaN
   2.8599999277503230E-002                       NaN
   2.8699999274977017E-002                       NaN
   2.8799999272450805E-002                       NaN
   2.8899999269924592E-002                       NaN
   2.8999999267398380E-002                       NaN
   2.9099999264872167E-002                       NaN
   2.9199999262345955E-002                       NaN
   2.9299999259819742E-002                       NaN
   2.9399999257293530E-002                       NaN
   2.9499999254767317E-002                       NaN
   2.9599999252241105E-002                       NaN
   2.9699999249714892E-002                       NaN
   2.9799999247188680E-002                       NaN
   2.9899999244662467E-002                       NaN
   2.9999999242136255E-002                       NaN
   3.0099999239610042E-002                       NaN
   3.0199999237083830E-002                       NaN
   3.0299999234557617E-002                       NaN
   3.0399999232031405E-002                       NaN
   3.0499999229505192E-002                       NaN
   3.0599999226978980E-002                       NaN
   3.0699999224452768E-002                       NaN
   3.0799999221926555E-002                       NaN
   3.0899999219400343E-002                       NaN
   3.0999999216874130E-002                       NaN
   3.1099999214347918E-002                       NaN
   3.1199999211821705E-002                       NaN
   3.1299999209295493E-002                       NaN
   3.1399999206769280E-002                       NaN
   3.1499999204243068E-002                       NaN
   3.1599999201716855E-002                       NaN
   3.1699999199190643E-002                       NaN
   3.1799999196664430E-002                       NaN
   3.1899999194138218E-002                       NaN
   3.1999999191612005E-002                       NaN
   3.2099999189085793E-002                       NaN
   3.2199999186559580E-002                       NaN
   3.2299999184033368E-002                       NaN
   3.2399999181507155E-002                       NaN
   3.2499999178980943E-002                       NaN
   3.2599999176454730E-002                       NaN
   3.2699999173928518E-002                       NaN
   3.2799999171402305E-002                       NaN
   3.2899999168876093E-002                       NaN
   3.2999999166349880E-002                       NaN
   3.3099999163823668E-002                       NaN
   3.3199999161297455E-002                       NaN
   3.3299999158771243E-002                       NaN
   3.3399999156245030E-002                       NaN
   3.3499999153718818E-002                       NaN
   3.3599999151192605E-002                       NaN
   3.3699999148666393E-002                       NaN
   3.3799999146140181E-002                       NaN
   3.3899999143613968E-002                       NaN
   3.3999999141087756E-002                       NaN
   3.4099999138561543E-002                       NaN
   3.4199999136035331E-002                       NaN
   3.4299999133509118E-002                       NaN
   3.4399999130982906E-002                       NaN
   3.4499999128456693E-002                       NaN
   3.4599999125930481E-002                       NaN
   3.4699999123404268E-002                       NaN
   3.4799999120878056E-002                       NaN
   3.4899999118351843E-002                       NaN
   3.4999999115825631E-002                       NaN
   3.5099999113299418E-002                       NaN
   3.5199999110773206E-002                       NaN
   3.5299999108246993E-002                       NaN
   3.5399999105720781E-002                       NaN
   3.5499999103194568E-002                       NaN
   3.5599999100668356E-002                       NaN
   3.5699999098142143E-002                       NaN
   3.5799999095615931E-002                       NaN
   3.5899999093089718E-002                       NaN
   3.5999999090563506E-002                       NaN
   3.6099999088037293E-002                       NaN
   3.6199999085511081E-002                       NaN
   3.6299999082984868E-002                       NaN
   3.6399999080458656E-002                       NaN
   3.6499999077932443E-002                       NaN
   3.6599999075406231E-002                       NaN
   3.6699999072880019E-002                       NaN
   3.6799999070353806E-002                       NaN
   3.6899999067827594E-002                       NaN
   3.6999999065301381E-002                       NaN
   3.7099999062775169E-002                       NaN
   3.7199999060248956E-002                       NaN
   3.7299999057722744E-002                       NaN
   3.7399999055196531E-002                       NaN
   3.7499999052670319E-002                       NaN
   3.7599999050144106E-002                       NaN
   3.7699999047617894E-002                       NaN
   3.7799999045091681E-002                       NaN
   3.7899999042565469E-002                       NaN
   3.7999999040039256E-002                       NaN
   3.8099999037513044E-002                       NaN
   3.8199999034986831E-002                       NaN
   3.8299999032460619E-002                       NaN
   3.8399999029934406E-002                       NaN
   3.8499999027408194E-002                       NaN
   3.8599999024881981E-002                       NaN
   3.8699999022355769E-002                       NaN
   3.8799999019829556E-002                       NaN
   3.8899999017303344E-002                       NaN
   3.8999999014777131E-002                       NaN
   3.9099999012250919E-002                       NaN
   3.9199999009724706E-002                       NaN
   3.9299999007198494E-002                       NaN
   3.9399999004672281E-002                       NaN
   3.9499999002146069E-002                       NaN
   3.9599998999619856E-002                       NaN
   3.9699998997093644E-002                       NaN
   3.9799998994567432E-002                       NaN
   3.9899998992041219E-002                       NaN
   3.9999998989515007E-002                       NaN
   4.0099998986988794E-002                       NaN
   4.0199998984462582E-002                       NaN
   4.0299998981936369E-002                       NaN
   4.0399998979410157E-002                       NaN
   4.0499998976883944E-002                       NaN
   4.0599998974357732E-002                       NaN
   4.0699998971831519E-002                       NaN
   4.0799998969305307E-002                       NaN
   4.0899998966779094E-002                       NaN
   4.0999998964252882E-002                       NaN
   4.1099998961726669E-002                       NaN
   4.1199998959200457E-002                       NaN
   4.1299998956674244E-002                       NaN
   4.1399998954148032E-002                       NaN
   4.1499998951621819E-002                       NaN
   4.1599998949095607E-002                       NaN
   4.1699998946569394E-002                       NaN
   4.1799998944043182E-002                       NaN
   4.1899998941516969E-002                       NaN
   4.1999998938990757E-002                       NaN
   4.2099998936464544E-002                       NaN
   4.2199998933938332E-002                       NaN
   4.2299998931412119E-002                       NaN
   4.2399998928885907E-002                       NaN
   4.2499998926359694E-002                       NaN
   4.2599998923833482E-002                       NaN
   4.2699998921307269E-002                       NaN
   4.2799998918781057E-002                       NaN
   4.2899998916254845E-002                       NaN
   4.2999998913728632E-002                       NaN
   4.3099998911202420E-002                       NaN
   4.3199998908676207E-002                       NaN
   4.3299998906149995E-002                       NaN
   4.3399998903623782E-002                       NaN
   4.3499998901097570E-002                       NaN
   4.3599998898571357E-002                       NaN
   4.3699998896045145E-002                       NaN
   4.3799998893518932E-002                       NaN
   4.3899998890992720E-002                       NaN
   4.3999998888466507E-002                       NaN
   4.4099998885940295E-002                       NaN
   4.4199998883414082E-002                       NaN
   4.4299998880887870E-002                       NaN
   4.4399998878361657E-002                       NaN
   4.4499998875835445E-002                       NaN
   4.4599998873309232E-002                       NaN
   4.4699998870783020E-002                       NaN
   4.4799998868256807E-002                       NaN
   4.4899998865730595E-002                       NaN
   4.4999998863204382E-002                       NaN
   4.5099998860678170E-002                       NaN
   4.5199998858151957E-002                       NaN
   4.5299998855625745E-002                       NaN
   4.5399998853099532E-002                       NaN
   4.5499998850573320E-002                       NaN
   4.5599998848047107E-002                       NaN
   4.5699998845520895E-002                       NaN
   4.5799998842994682E-002                       NaN
   4.5899998840468470E-002                       NaN
   4.5999998837942258E-002                       NaN
   4.6099998835416045E-002                       NaN
   4.6199998832889833E-002                       NaN
   4.6299998830363620E-002                       NaN
   4.6399998827837408E-002                       NaN
   4.6499998825311195E-002                       NaN
   4.6599998822784983E-002                       NaN
   4.6699998820258770E-002                       NaN
   4.6799998817732558E-002                       NaN
   4.6899998815206345E-002                       NaN
   4.6999998812680133E-002                       NaN
   4.7099998810153920E-002                       NaN
   4.7199998807627708E-002                       NaN
   4.7299998805101495E-002                       NaN
   4.7399998802575283E-002                       NaN
   4.7499998800049070E-002                       NaN
   4.7599998797522858E-002                       NaN
   4.7699998794996645E-002                       NaN
   4.7799998792470433E-002                       NaN
   4.7899998789944220E-002                       NaN
   4.7999998787418008E-002                       NaN
   4.8099998784891795E-002                       NaN
   4.8199998782365583E-002                       NaN
   4.8299998779839370E-002                       NaN
   4.8399998777313158E-002                       NaN
   4.8499998774786945E-002                       NaN
   4.8599998772260733E-002                       NaN
   4.8699998769734520E-002                       NaN
   4.8799998767208308E-002                       NaN
   4.8899998764682095E-002                       NaN
   4.8999998762155883E-002                       NaN
   4.9099998759629671E-002                       NaN
   4.9199998757103458E-002                       NaN
   4.9299998754577246E-002                       NaN
   4.9399998752051033E-002                       NaN
   4.9499998749524821E-002                       NaN
   4.9599998746998608E-002                       NaN
   4.9699998744472396E-002                       NaN
   4.9799998741946183E-002                       NaN
   4.9899998739419971E-002                       NaN
   4.9999998736893758E-002                       NaN
   5.0099998734367546E-002                       NaN
   5.0199998731841333E-002                       NaN
   5.0299998729315121E-002                       NaN
   5.0399998726788908E-002                       NaN
   5.0499998724262696E-002                       NaN
   5.0599998721736483E-002                       NaN
   5.0699998719210271E-002                       NaN
   5.0799998716684058E-002                       NaN
   5.0899998714157846E-002                       NaN
   5.0999998711631633E-002                       NaN
   5.1099998709105421E-002                       NaN
   5.1199998706579208E-002                       NaN
   5.1299998704052996E-002                       NaN
   5.1399998701526783E-002                       NaN
   5.1499998699000571E-002                       NaN
   5.1599998696474358E-002                       NaN
   5.1699998693948146E-002                       NaN
   5.1799998691421933E-002                       NaN
   5.1899998688895721E-002                       NaN
   5.1999998686369509E-002                       NaN
   5.2099998683843296E-002                       NaN
   5.2199998681317084E-002                       NaN
   5.2299998678790871E-002                       NaN
   5.2399998676264659E-002                       NaN
   5.2499998673738446E-002                       NaN
   5.2599998671212234E-002                       NaN
   5.2699998668686021E-002                       NaN
   5.2799998666159809E-002                       NaN
   5.2899998663633596E-002                       NaN
   5.2999998661107384E-002                       NaN
   5.3099998658581171E-002                       NaN
   5.3199998656054959E-002                       NaN
   5.3299998653528746E-002                       NaN
   5.3399998651002534E-002                       NaN
   5.3499998648476321E-002                       NaN
   5.3599998645950109E-002                       NaN
   5.3699998643423896E-002                       NaN
   5.3799998640897684E-002                       NaN
   5.3899998638371471E-002                       NaN
   5.3999998635845259E-002                       NaN
   5.4099998633319046E-002                       NaN
   5.4199998630792834E-002                       NaN
   5.4299998628266621E-002                       NaN
   5.4399998625740409E-002                       NaN
   5.4499998623214196E-002                       NaN
   5.4599998620687984E-002                       NaN
   5.4699998618161771E-002                       NaN
   5.4799998615635559E-002                       NaN
   5.4899998613109346E-002                       NaN
   5.4999998610583134E-002                       NaN
   5.5099998608056922E-002                       NaN
   5.5199998605530709E-002                       NaN
   5.5299998603004497E-002                       NaN
   5.5399998600478284E-002                       NaN
   5.5499998597952072E-002                       NaN
   5.5599998595425859E-002                       NaN
   5.5699998592899647E-002                       NaN
   5.5799998590373434E-002                       NaN
   5.5899998587847222E-002                       NaN
   5.5999998585321009E-002                       NaN
   5.6099998582794797E-002                       NaN
   5.6199998580268584E-002                       NaN
   5.6299998577742372E-002                       NaN
   5.6399998575216159E-002                       NaN
   5.6499998572689947E-002                       NaN
   5.6599998570163734E-002                       NaN
   5.6699998567637522E-002                       NaN
   5.6799998565111309E-002                       NaN
   5.6899998562585097E-002                       NaN
   5.6999998560058884E-002                       NaN
   5.7099998557532672E-002                       NaN
   5.7199998555006459E-002                       NaN
   5.7299998552480247E-002                       NaN
   5.7399998549954034E-002                       NaN
   5.7499998547427822E-002                       NaN
   5.7599998544901609E-002                       NaN
   5.7699998542375397E-002                       NaN
   5.7799998539849184E-002                       NaN
   5.7899998537322972E-002                       NaN
   5.7999998534796759E-002                       NaN
   5.8099998532270547E-002                       NaN
   5.8199998529744335E-002                       NaN
   5.8299998527218122E-002                       NaN
   5.8399998524691910E-002                       NaN
   5.8499998522165697E-002                       NaN
   5.8599998519639485E-002                       NaN
   5.8699998517113272E-002                       NaN
   5.8799998514587060E-002                       NaN
   5.8899998512060847E-002                       NaN
   5.8999998509534635E-002                       NaN
   5.9099998507008422E-002                       NaN
   5.9199998504482210E-002                       NaN
   5.9299998501955997E-002                       NaN
   5.9399998499429785E-002                       NaN
   5.9499998496903572E-002                       NaN
   5.9599998494377360E-002                       NaN
   5.9699998491851147E-002                       NaN
   5.9799998489324935E-002                       NaN
   5.9899998486798722E-002                       NaN
   5.9999998484272510E-002                       NaN
   6.0099998481746297E-002                       NaN
   6.0199998479220085E-002                       NaN
   6.0299998476693872E-002                       NaN
   6.0399998474167660E-002                       NaN
   6.0499998471641447E-002                       NaN
   6.0599998469115235E-002                       NaN
   6.0699998466589022E-002                       NaN
   6.0799998464062810E-002                       NaN
   6.0899998461536597E-002                       NaN
   6.0999998459010385E-002                       NaN
   6.1099998456484172E-002                       NaN
   6.1199998453957960E-002                       NaN
   6.1299998451431748E-002                       NaN
   6.1399998448905535E-002                       NaN
   6.1499998446379323E-002                       NaN
   6.1599998443853110E-002                       NaN
   6.1699998441326898E-002                       NaN
   6.1799998438800685E-002                       NaN
   6.1899998436274473E-002                       NaN
   6.1999998433748260E-002                       NaN
   6.2099998431222048E-002                       NaN
   6.2199998428695835E-002                       NaN
   6.2299998426169623E-002                       NaN
   6.2399998423643410E-002                       NaN
   6.2499998421117198E-002                       NaN
   6.2599998418590985E-002                       NaN
   6.2699998416064773E-002                       NaN
   6.2799998413538560E-002                       NaN
   6.2899998411012348E-002                       NaN
   6.2999998408486135E-002                       NaN
   6.3099998405959923E-002                       NaN
   6.3199998403433710E-002                       NaN
   6.3299998400907498E-002                       NaN
   6.3399998398381285E-002                       NaN
   6.3499998395855073E-002                       NaN
   6.3599998393328860E-002                       NaN
   6.3699998390802648E-002                       NaN
   6.3799998388276435E-002                       NaN
   6.3899998385750223E-002                       NaN
   6.3999998383224010E-002                       NaN
   6.4099998380697798E-002                       NaN
   6.4199998378171586E-002                       NaN
   6.4299998375645373E-002                       NaN
   6.4399998373119161E-002                       NaN
   6.4499998370592948E-002                       NaN
   6.4599998368066736E-002                       NaN
   6.4699998365540523E-002                       NaN
   6.4799998363014311E-002                       NaN
   6.4899998360488098E-002                       NaN
   6.4999998357961886E-002                       NaN
   6.5099998355435673E-002                       NaN
   6.5199998352909461E-002                       NaN
   6.5299998350383248E-002                       NaN
   6.5399998347857036E-002                       NaN
   6.5499998345330823E-002                       NaN
   6.5599998342804611E-002                       NaN
   6.5699998340278398E-002                       NaN
   6.5799998337752186E-002                       NaN
   6.5899998335225973E-002                       NaN
   6.5999998332699761E-002                       NaN
   6.6099998330173548E-002                       NaN
   6.6199998327647336E-002                       NaN
   6.6299998325121123E-002                       NaN
   6.6399998322594911E-002                       NaN
   6.6499998320068698E-002                       NaN
   6.6599998317542486E-002                       NaN
   6.6699998315016273E-002                       NaN
   6.6799998312490061E-002                       NaN
   6.6899998309963848E-002                       NaN
   6.6999998307437636E-002                       NaN
   6.7099998304911423E-002                       NaN
   6.7199998302385211E-002                       NaN
   6.7299998299858999E-002                       NaN
   6.7399998297332786E-002                       NaN
   6.7499998294806574E-002                       NaN
   6.7599998292280361E-002                       NaN
   6.7699998289754149E-002                       NaN
   6.7799998287227936E-002                       NaN
   6.7899998284701724E-002                       NaN
   6.7999998282175511E-002                       NaN
   6.8099998279649299E-002                       NaN
   6.8199998277123086E-002                       NaN
   6.8299998274596874E-002                       NaN
   6.8399998272070661E-002                       NaN
   6.8499998269544449E-002                       NaN
   6.8599998267018236E-002                       NaN
   6.8699998264492024E-002                       NaN
   6.8799998261965811E-002                       NaN
   6.8899998259439599E-002                       NaN
   6.8999998256913386E-002                       NaN
   6.9099998254387174E-002                       NaN
   6.9199998251860961E-002                       NaN
   6.9299998249334749E-002                       NaN
   6.9399998246808536E-002                       NaN
   6.9499998244282324E-002                       NaN
   6.9599998241756111E-002                       NaN
   6.9699998239229899E-002                       NaN
   6.9799998236703686E-002                       NaN
   6.9899998234177474E-002                       NaN
   6.9999998231651261E-002                       NaN
   7.0099998229125049E-002                       NaN
   7.0199998226598836E-002                       NaN
   7.0299998224072624E-002                       NaN
   7.0399998221546412E-002                       NaN
   7.0499998219020199E-002                       NaN
   7.0599998216493987E-002                       NaN
   7.0699998213967774E-002                       NaN
   7.0799998211441562E-002                       NaN
   7.0899998208915349E-002                       NaN
   7.0999998206389137E-002                       NaN
   7.1099998203862924E-002                       NaN
   7.1199998201336712E-002                       NaN
   7.1299998198810499E-002                       NaN
   7.1399998196284287E-002                       NaN
   7.1499998193758074E-002                       NaN
   7.1599998191231862E-002                       NaN
   7.1699998188705649E-002                       NaN
   7.1799998186179437E-002                       NaN
   7.1899998183653224E-002                       NaN
   7.1999998181127012E-002                       NaN
   7.2099998178600799E-002                       NaN
   7.2199998176074587E-002                       NaN
   7.2299998173548374E-002                       NaN
   7.2399998171022162E-002                       NaN
   7.2499998168495949E-002                       NaN
   7.2599998165969737E-002                       NaN
   7.2699998163443524E-002                       NaN
   7.2799998160917312E-002                       NaN
   7.2899998158391099E-002                       NaN
   7.2999998155864887E-002                       NaN
   7.3099998153338674E-002                       NaN
   7.3199998150812462E-002                       NaN
   7.3299998148286249E-002                       NaN
   7.3399998145760037E-002                       NaN
   7.3499998143233825E-002                       NaN
   7.3599998140707612E-002                       NaN
   7.3699998138181400E-002                       NaN
   7.3799998135655187E-002                       NaN
   7.3899998133128975E-002                       NaN
   7.3999998130602762E-002                       NaN
   7.4099998128076550E-002                       NaN
   7.4199998125550337E-002                       NaN
   7.4299998123024125E-002                       NaN
   7.4399998120497912E-002                       NaN
   7.4499998117971700E-002                       NaN
   7.4599998115445487E-002                       NaN
   7.4699998112919275E-002                       NaN
   7.4799998110393062E-002                       NaN
   7.4899998107866850E-002                       NaN
   7.4999998105340637E-002                       NaN
   7.5099998102814425E-002                       NaN
   7.5199998100288212E-002                       NaN
   7.5299998097762000E-002                       NaN
   7.5399998095235787E-002                       NaN
   7.5499998092709575E-002                       NaN
   7.5599998090183362E-002                       NaN
   7.5699998087657150E-002                       NaN
   7.5799998085130937E-002                       NaN
   7.5899998082604725E-002                       NaN
   7.5999998080078512E-002                       NaN
   7.6099998077552300E-002                       NaN
   7.6199998075026087E-002                       NaN
   7.6299998072499875E-002                       NaN
   7.6399998069973662E-002                       NaN
   7.6499998067447450E-002                       NaN
   7.6599998064921238E-002                       NaN
   7.6699998062395025E-002                       NaN
   7.6799998059868813E-002                       NaN
   7.6899998057342600E-002                       NaN
   7.6999998054816388E-002                       NaN
   7.7099998052290175E-002                       NaN
   7.7199998049763963E-002                       NaN
   7.7299998047237750E-002                       NaN
   7.7399998044711538E-002                       NaN
   7.7499998042185325E-002                       NaN
   7.7599998039659113E-002                       NaN
   7.7699998037132900E-002                       NaN
   7.7799998034606688E-002                       NaN
   7.7899998032080475E-002                       NaN
   7.7999998029554263E-002                       NaN
   7.8099998027028050E-002                       NaN
   7.8199998024501838E-002                       NaN
   7.8299998021975625E-002                       NaN
   7.8399998019449413E-002                       NaN
   7.8499998016923200E-002   25.000000000000000     
